101	1
102	0
103	1
104	0
105	0
106	0
107	1
108	2
109	4
110	1
111	3
112	3
113	1
114	2
115	3
116	4
117	6
118	3
119	5
120	0
121	3
122	5
123	8
124	5
125	3
126	9
127	2
128	2
129	9
130	18
131	10
132	11
133	13
134	12
135	10
136	11
137	16
138	11
139	16
140	15
141	5
142	20
143	11
144	14
145	15
146	21
147	13
148	12
149	10
150	18
151	18
152	17
153	8
154	21
155	6
156	33
157	32
158	7
159	17
160	36
161	14
162	17
163	17
164	23
165	29
166	19
167	16
168	33
169	12
170	34
171	16
172	21
173	17
174	32
175	0
176	32
177	22
178	14
179	8
180	25
181	8
182	3
183	9
184	0
185	7
186	5
187	0
188	2
189	1
190	1
